id,物件名,ホストID,ホスト名,基礎自治体名,latitude,longitude,物件種別,一日あたりの金額（円）,最小宿泊日数,レビュー数,最新レビューの日付,月間レビュー数,ホストがこの自治体で持っている物件の数,次の365日間でその物件が予約可能な日数,過去12ヶ月間のレビュー数,ライセンス
10795042,"Floor rent, complete isolation stay in center TKO",7103955,Masaharu,千代田区,35.67235,139.76009,Entire home/apt,39429,3,228,2025-09-09,1.94,6,7,9,M130004395
13721395,春5GWifi TokyoDome皇居1km〜 RoofGarden 上野秋葉原銀座東京2km～都心,79805768,聖美,千代田区,35.69734500749446,139.75813394771336,Private room,13302,1,54,2025-09-21,1.79,7,263,21,M130033124
14891795,【Room 101】Cozy Room in Central Tokyo/  1–3 Guests,93216991,Kayo,千代田区,35.68987,139.7331,Private room,11328,1,262,2025-09-17,2.40,6,181,41,Hotels and Inns Business Act | 新宿区保健所 | 6新保衛環第261号
15707958,Private traditional home near Akihabara 1group/day,50802261,義也,千代田区,35.69975,139.77374,Entire home/apt,40660,1,104,2025-09-15,1.01,1,165,3,Hotels and Inns Business Act | 千代田区千代田保健所 | ７千千保生環き第３号
22961167,Single Small Room　(Breakfast Included),170132782,Sakura Hotel Jimbocho,千代田区,35.69466,139.75763,Private room,,1,38,2025-04-18,0.48,6,245,4,Hotels and Inns Business Act | 東京都千代田保健所 | 14千千保衛環き第65号
22961329,Family Room (Breakfast Included),170132782,Sakura Hotel Jimbocho,千代田区,35.69426,139.75719,Private room,,1,5,2025-07-08,0.07,6,197,1,Hotels and Inns Business Act | 東京都千代田保健所 | 14千千保衛環き第65号
22961387,Female Dormitory (Breakfast Included),170132782,Sakura Hotel Jimbocho,千代田区,35.69426,139.7558,Shared room,6115,1,11,2025-09-13,0.16,6,246,7,Hotels and Inns Business Act | 東京都千代田保健所 | 14千千保衛環き第65号
23548129,3 min from Akihabara! spacious maisonette  6person,173598497,Shigeru,千代田区,35.69509,139.77466,Private room,41849,3,109,2025-08-27,1.19,12,110,16,M130002890
23906965,Near Kanda Sta｜1 Stop to Tokyo & Akihabara｜2DK,73463626,Rui,千代田区,35.69401,139.77238,Entire home/apt,23609,1,204,2025-09-12,2.25,47,56,45,Hotels and Inns Business Act | 東京都千代田区 | き70号
23907412,Great Location｜Kanda Sta｜1 Stop to Tokyo｜Akihabara,73463626,Rui,千代田区,35.69388,139.7743,Entire home/apt,22584,1,134,2025-09-12,1.48,47,78,35,Hotels and Inns Business Act | 千代田区千代田保健所 | 第70号
23907725,Great Location｜Kanda Sta｜1 Stop to Tokyo｜Akihabara,73463626,Rui,千代田区,35.69435,139.77421,Entire home/apt,18235,1,158,2025-09-26,1.73,47,70,27,Hotels and Inns Business Act | 千代田区千代田保健所 | 第７０号
23907817,Great Location｜Kanda Sta｜1 Stop to Tokyo｜Akihabara,73463626,Rui,千代田区,35.69249,139.77385,Entire home/apt,13079,1,87,2025-09-16,0.96,47,82,26,Hotels and Inns Business Act | 千代田区千代田保健所 | 第70号
24144270,Close to Akihabara!4pax&1DK!TV・,173598497,Shigeru,千代田区,35.69562,139.77286,Entire home/apt,28214,3,142,2025-08-19,1.57,12,156,20,M130002889
24431478,3 min  Akihabara  40㎡ spacious room with balcony!,173598497,Shigeru,千代田区,35.69515,139.77406,Entire home/apt,27715,2,88,2025-07-29,1.03,12,171,27,M130004728
24431914,A spacious room of 51㎡ 3 min Akihabara  4peaple,173598497,Shigeru,千代田区,35.6949,139.7748,Entire home/apt,32572,2,66,2025-07-24,0.74,12,175,14,M130002888
26246171,秋叶原站步行三分钟的民宿@愛客家。餐饮，娱乐，购物最佳之选。,105077504,冰儿,千代田区,35.69936,139.77474,Entire home/apt,50690,2,64,2025-09-20,2.26,1,310,21,M130002771
26498016,Twin Room (Bunk bed type　/ Breakfast Included),170132782,Sakura Hotel Jimbocho,千代田区,35.69615,139.75594,Private room,,1,9,2025-07-17,0.26,6,217,3,Hotels and Inns Business Act | 東京都千代田保健所 | 14千千保衛環き第65号
28569742,位于上野和秋叶原之间，周围有大量餐厅购物出行方便，市中心四房温馨大公寓。可寄存行李有wifi,150299734,Minami,千代田区,35.7043,139.77223,Entire home/apt,23735,1,230,2025-09-11,2.73,13,236,45,Hotels and Inns Business Act | 東京都台東区保健所 | 31台台健生環き第10047号
29626951,nestay apartment tokyo akihabara 9B,191517619,Sea,千代田区,35.69629,139.78077,Entire home/apt,26998,1,69,2025-08-31,0.82,7,183,9,M130007991
29628564,nestay apartment tokyo akihabara 7B,191517619,Sea,千代田区,35.69826,139.77978,Entire home/apt,28486,1,70,2025-09-01,0.83,7,182,20,M130009502
29720819,nestay apartment tokyo akihabara 5A,191517619,Sea,千代田区,35.69817,139.77951,Entire home/apt,,1,67,2025-08-18,0.80,7,0,21,M130009504
29764707,nestay apartment tokyo akihabara 5B,191517619,Sea,千代田区,35.69623,139.77918,Entire home/apt,28097,1,3,2019-11-03,0.04,7,182,0,M130009503
29912303,【個室】ダブルルーム,192671656,And Hostel,千代田区,35.6984,139.7769,Hotel room,,1,97,2025-08-11,1.88,2,265,25,Hotels and Inns Business Act | 千代田区千代田保健所 | 29千千保生環き第69号
29931217,Dormitory Room male Only(男性用ﾄﾞﾐﾄﾘｰ･禁煙),192671656,And Hostel,千代田区,35.6965,139.77804,Hotel room,,1,131,2025-08-11,2.58,2,267,21,Hotels and Inns Business Act | 千代田区千代田保健所 | 29千千保生環き第69号
31694610,Lux 2BR Penthouse/Imperial Palace/7Pax/3mins Sub,211851828,Tien Yao,千代田区,35.69615,139.75047,Entire home/apt,62294,1,167,2025-09-22,2.06,18,77,36,Hotels and Inns Business Act | 千代田区千代田保健所 | 31千千保生環き第36号
32507836,Ueno＆Akihabara/Entire apartment/Fukurin 73㎡ house,239711413,Fukurin,千代田区,35.70393,139.7726,Entire home/apt,53580,3,123,2025-09-14,1.55,1,103,24,M130013735
33354147,101#Akihabara Station 3 mins/lift,251263864,Marutomo,千代田区,35.6991,139.7771,Private room,,1,207,2025-09-26,2.68,10,112,61,Hotels and Inns Business Act | 東京都千代田区保健所 | 30千千保生環き第86号
33405270,201#JR秋葉原 徒歩3分/無料Wi-Fi/エレベーター/ダブルベッドルーム/専用バスルーム/,251263864,Marutomo,千代田区,35.69904,139.77719,Private room,,1,115,2025-09-10,1.47,10,109,38,Hotels and Inns Business Act | 東京都千代田区保健所 |  30千千保生環き第86号
33405625,202#JR秋葉原 徒歩3分/無料Wi-Fi/エレベーター/ダブルベッドルーム/専用バスルーム/,251263864,Marutomo,千代田区,35.69907,139.77718,Private room,13146,1,155,2025-09-24,2.00,10,189,40,Hotels and Inns Business Act | 東京都千代田区保健所 | 30千千保生環き第86号
33405880,204#JR秋葉原 徒歩3分/無料Wi-Fi/エレベーター/ダブルベッドルーム/専用バスルーム/,251263864,Marutomo,千代田区,35.69904,139.77719,Private room,,1,139,2025-09-26,1.79,10,91,43,Hotels and Inns Business Act | 東京都千代田区保健所 | 30千千保生環き第86号
33406211,203#JR秋葉原 徒歩3分/無料Wi-Fi/エレベーター/ダブルベッドルーム/専用バスルーム/,251263864,Marutomo,千代田区,35.69907,139.77718,Private room,,1,132,2025-09-22,1.69,10,82,51,Hotels and Inns Business Act | 東京都千代田区保健所 | 30千千保生環き第86号
33406515,302#JR秋葉原 徒歩3分/無料Wi-Fi/エレベーター/ダブルベッドルーム/専用バスルーム/,251263864,Marutomo,千代田区,35.69907,139.77718,Private room,,1,162,2025-09-24,2.09,10,191,55,Hotels and Inns Business Act | 東京都千代田区保健所 | 30千千保生環き第86号
33406665,301#JR秋葉原 徒歩3分/無料Wi-Fi/エレベーター/ダブルベッドルーム/専用バスルーム/,251263864,Marutomo,千代田区,35.69907,139.77718,Private room,,1,162,2025-09-23,2.10,10,307,64,Hotels and Inns Business Act | 東京都千代田区保健所 | 30千千保生環き第86号
33406847,401#JR秋葉原 徒歩3分/無料Wi-Fi/エレベーター/ダブルベッドルーム/専用バスルーム/,251263864,Marutomo,千代田区,35.69907,139.77718,Private room,10079,1,158,2025-09-20,2.04,10,57,54,Hotels and Inns Business Act | 東京都千代田区保健所 | 30千千保生環き第86号
33406960,402#JR秋葉原 徒歩3分/無料Wi-Fi/エレベーター/ダブルベッドルーム/専用バスルーム/,251263864,Marutomo,千代田区,35.69907,139.77718,Private room,12203,1,149,2025-09-17,1.92,10,81,63,Hotels and Inns Business Act | 東京都千代田区保健所 | 30千千保生環き第86号
33812078,Akihabara station 3-mins Near Tokyo Sta free wifi,251691547,Mickey,千代田区,35.69935264773953,139.7765225012435,Entire home/apt,31350,1,86,2025-08-16,1.19,1,324,19,M130011071
34866457,Standard Capsule Room for Female Only,260764402,Glansit Akihabara,千代田区,35.70218,139.77274,Shared room,,1,2,2020-01-09,0.03,4,0,0,Hotels and Inns Business Act | 千代田区千代田保健所 | 29千千保生環き第31号
34866505,Private Capsule Room for Female Only,260764402,Glansit Akihabara,千代田区,35.70252,139.77137,Private room,,1,5,2020-01-11,0.07,4,0,0,Hotels and Inns Business Act | 千代田区千代田保健所 | 29千千保生環き第31号
34866556,Twin Capsule Room for Male Only,260764402,Glansit Akihabara,千代田区,35.70057,139.77106,Private room,13464,1,17,2025-07-17,0.23,4,174,13,Hotels and Inns Business Act | 千代田区千代田保健所 | 29千千保生環き第31号
34866573,Twin Capsule Room for Female Only,260764402,Glansit Akihabara,千代田区,35.70056,139.77321,Private room,,1,1,2025-04-19,0.18,4,156,1,Hotels and Inns Business Act | 千代田区千代田保健所 | 29千千保生環き第31号
36017124,Semi-Double Room (Breakfast Included),170132782,Sakura Hotel Jimbocho,千代田区,35.69433,139.75713,Private room,,1,5,2025-06-12,0.07,6,243,2,Hotels and Inns Business Act | 東京都千代田保健所 | 14千千保衛環き第65号
37667914,上野秋葉原中心. 温馨Share room有锁可寄存行李，附近大量餐厅购物出行方便，免费Wi-Fi！,150299734,Minami,千代田区,35.70482,139.77239,Private room,7112,1,253,2025-09-13,3.44,13,205,42,Hotels and Inns Business Act | 東京都台東区保健所 | 31台台健生環き第10047号
38004357,上野秋葉原中心温馨share room，可寄存行李，免费Wi-Fi。附近大量餐厅购物出行方便,150299734,Minami,千代田区,35.70507,139.77273,Private room,6678,1,216,2025-09-14,2.92,13,188,55,Hotels and Inns Business Act | 東京都台東区保健所 | 31台台健生環き第10047号
38004896,上野秋葉原温馨share-house，房间有锁可寄存行李，免费Wi-Fi，附近大量餐厅购物出行方便！,150299734,Minami,千代田区,35.7032,139.77256,Private room,5890,1,219,2025-09-13,2.97,13,204,51,Hotels and Inns Business Act | 東京都台東区保健所 | 31台台健生環き第10047号
38838852,"MANGA ART HOTEL, Tokyo 漫泊 【Lower Bed, For woman】",297354724,Manga Art Hotel,千代田区,35.6945,139.76567,Shared room,4977,1,161,2025-09-20,2.21,4,349,51,Hotels and Inns Business Act | 千代田区千代田保健所長 渡部裕之 | 30千千保生環き第79号
38839254,"MANGA ART HOTEL,Tokyo 漫泊 【Lower Bed, For Man】",297354724,Manga Art Hotel,千代田区,35.69487,139.76488,Shared room,4636,1,332,2025-09-22,4.58,4,351,78,Hotels and Inns Business Act | 千代田区千代田保健所長 渡部裕之 | 30千千保生環き第80号
40038086,神田・秋葉原ドミトリーホステル/駅から2分/女性専用部屋もあります,308803109,Bnb,千代田区,35.69439,139.76538,Shared room,9000,1,19,2025-06-08,0.50,1,179,5,Hotels and Inns Business Act | 千代田区千代田保健所 | 2千千保生環き第10号
40350369,5mins->Akihabara Sta/Economy Double+Wi-Fi,310824103,秋葉原,千代田区,35.69584,139.77373,Private room,,1,16,2025-02-16,0.34,3,75,1,Hotels and Inns Business Act | 千代田区千代田保健所長　渡部　裕之 | 31千千保生環き第110号
40351187,5mins->Akihabara Sta/Family Suite+Wi-Fi,310824103,秋葉原,千代田区,35.69584,139.77373,Private room,,1,294,2025-08-11,5.22,3,76,11,Hotels and Inns Business Act | 千代田区千代田保健所長　渡部　裕之 | 31千千保生環き第110号
40602481,5mins->Akihabara Stat/Triple Room+shower+Wi-Fi,310824103,秋葉原,千代田区,35.69584,139.77373,Private room,,1,9,2025-09-18,0.30,3,54,4,Hotels and Inns Business Act | 千代田区千代田保健所 | 31千千保生環き第110号
41039231,Bamboo Room_東京駅から電車で5分のデザイナーズホテル✩グループ宿泊に最適✩アクセス良好✩,313297342,強,千代田区,35.69394,139.78018,Entire home/apt,21600,3,69,2025-08-02,1.09,9,138,20,Hotels and Inns Business Act | 千代田区千代田保健所 | 31千千保生環き第79号
42007048,"QY43 JR Train station 5-min walk, airport directly",279064316,Na,千代田区,35.6978,139.78069,Entire home/apt,14550,1,75,2025-08-13,1.10,38,166,20,M130019304
42103896,Family Room  New hotel Okachimachi STA ３min,333945233,Colon,千代田区,35.7049,139.77097,Private room,,1,57,2024-06-08,1.32,9,180,0,Hotels and Inns Business Act | 千代田区千代田保健所 | 31千千保生環き第51号
42387484,Real Life KUDANSHITA chic 2-bedroom/6pax/3mins sub,211851828,Tien Yao,千代田区,35.69816,139.75092,Entire home/apt,57793,1,66,2025-09-19,1.07,18,77,18,Hotels and Inns Business Act | 千代田区千代田保健所 | 31千千保生環第36号
42389193,Real Life KUDANSHITA Posh 1-bedroom/5pax/3mins sub,211851828,Tien Yao,千代田区,35.69652,139.75275,Entire home/apt,36258,1,91,2025-09-07,1.54,18,59,22,Hotels and Inns Business Act | 千代田区千代田保健所 | 31千千保生環き第36号
42486194,Tiger Room_東京駅から電車で5分のデザイナーズホテル✩グループ宿泊に最適✩アクセス良好✩,313297342,強,千代田区,35.69394,139.78018,Entire home/apt,16758,2,52,2025-08-22,0.79,9,141,11,Hotels and Inns Business Act | 千代田区千代田保健所 | 31千千保生環き第79号
42542871,有人家 Akihabara 301 A Stylish Private APT nr Sta.,73463626,Rui,千代田区,35.69616,139.78074,Entire home/apt,33108,1,87,2025-07-22,1.56,47,59,31,M130019836
42795541,Deluxe Twin Room  NEW Hotel Okatimati  sta 3 min,333945233,Colon,千代田区,35.7049,139.77097,Private room,,1,61,2025-04-29,1.38,9,128,3,Hotels and Inns Business Act | 千代田区千代田保健所 | 31千千保生環き第51号
42796389,Standard Twin Room  NEW Hotel Okatimati  sta 3 min,333945233,Colon,千代田区,35.7049,139.77097,Private room,,1,34,2024-04-10,0.80,9,155,0,Hotels and Inns Business Act | 千代田区千代田保健所 | 31千千保生環き第51号
42796740,Twin Room NEW Hotel Okatimati sta 3 min,333945233,Colon,千代田区,35.7049,139.77097,Private room,,1,52,2025-06-16,1.23,9,110,10,Hotels and Inns Business Act | 千代田区千代田保健所 | 31千千保生環き第51号
42796828,Deluxe Twin Room  NEW Hotel Okatimati  sta 3 min,333945233,Colon,千代田区,35.7049,139.77097,Private room,,1,21,2023-05-04,0.48,9,180,0,Hotels and Inns Business Act | 千代田区千代田保健所 | 31千千保生環き第51号
42796851,Standard Twin Room NEW Hotel Okatimati  sta 3 min,333945233,Colon,千代田区,35.7049,139.77097,Private room,,1,15,2023-04-20,0.35,9,180,0,Hotels and Inns Business Act | 千代田区千代田保健所 | 31千千保生環き第51号
42796991,Twin Room  NEW Hotel Okatimati  sta 3 min,333945233,Colon,千代田区,35.7049,139.77097,Private room,,1,30,2024-03-18,0.68,9,180,0,Hotels and Inns Business Act | 千代田区千代田保健所 | 31千千保生環き第51号
42797086,Standard DoubleRoom New hotel Okachimachi STA ３min,333945233,Colon,千代田区,35.7049,139.77097,Private room,,3,63,2023-11-24,1.43,9,180,0,Hotels and Inns Business Act | 千代田区千代田保健所 | 31千千保生環き第51号
42797127,Deluxe DoubleRoom New hotel Okachimachi STA ３min,333945233,Colon,千代田区,35.7049,139.77097,Private room,,3,57,2023-05-29,1.29,9,180,0,Hotels and Inns Business Act | 千代田区千代田保健所 | 31千千保生環き第51号
43256396,"Ascott Marunouchi Tokyo, Studio",341355028,Masa From Ascott Marunouchi Tokyo,千代田区,35.68673,139.76262,Entire home/apt,,1,0,,,4,0,0,Hotels and Inns Business Act | 千代田区千代田保健所 | 28千千保生環き第49号
43256455,"Ascott Marunouchi Tokyo, 1 Bedroom Deluxe",341355028,Masa From Ascott Marunouchi Tokyo,千代田区,35.68673,139.76262,Entire home/apt,,1,0,,,4,0,0,Hotels and Inns Business Act | 千代田区千代田保健所 | 28千千保生環き第49号
43256474,"Ascott Marunouchi Tokyo, 1 Bedroom Executive",341355028,Masa From Ascott Marunouchi Tokyo,千代田区,35.68673,139.76262,Entire home/apt,,1,0,,,4,0,0,Hotels and Inns Business Act | 千代田区千代田保健所 | 28千千保生環き第49号
43256501,"Ascott Marunouchi Tokyo, 1 Bedroom Premier",341355028,Masa From Ascott Marunouchi Tokyo,千代田区,35.68673,139.76262,Entire home/apt,,1,0,,,4,0,0,Hotels and Inns Business Act | 千代田区千代田保健所 | 28千千保生環き第49号
43295405,"spatium·2F, Clean & Comfy APT,kanda / Akihabara",198744417,一居,千代田区,35.6938241,139.7764438,Entire home/apt,24286,1,85,2025-09-15,2.52,14,0,31,Hotels and Inns Business Act | 千代田保健所 | 31千千保生環き第2号
43295604,"spatium·3F, Clean & Comfy APT,kanda / Akihabara",198744417,一居,千代田区,35.6954365,139.7734828,Entire home/apt,,1,127,2025-09-08,2.13,14,0,35,Hotels and Inns Business Act | 千代田区保健所 | 31千千保生環き第2号
43295649,"spatium·4F, Clean & Comfy APT,kanda / Akihabara",198744417,一居,千代田区,35.6972541809082,139.7685089111328,Entire home/apt,24286,1,72,2025-09-14,1.19,14,0,23,Hotels and Inns Business Act | 千代田区保健所 | 31千千保生環き第2号
43295710,"Spatium·5F, Clean & Comfy APT,Kanda / Akihabara",198744417,一居,千代田区,35.6972541809082,139.7685089111328,Entire home/apt,,1,95,2025-09-08,1.50,14,0,32,Hotels and Inns Business Act | 千代田区保健所 | 31千千保生環き第2号
43295854,"Spatium·7F, Clean & Comfy APT,Kanda / Akihabara",198744417,一居,千代田区,35.697254,139.768509,Entire home/apt,24286,1,96,2025-09-12,2.38,14,0,29,Hotels and Inns Business Act | 千代田区保健所 | 31千千保生環き第2号
43295907,"Spatium·9F, Clean & Comfy APT,Kanda / Akihabara",198744417,一居,千代田区,35.6972541809082,139.7685089111328,Entire home/apt,24286,1,90,2025-09-01,1.44,14,0,39,Hotels and Inns Business Act | 千代田区保健所 | 31千千保生環き第2号
43385973,"Spatium·10F, Clean & Comfy APT,Kanda / Akihabara",198744417,一居,千代田区,35.6972541809082,139.7685089111328,Entire home/apt,,1,86,2025-08-18,2.17,14,0,27,Hotels and Inns Business Act | 千代田区保健所 | 31千千保生環き第2号
43426549,上野秋葉原中心位置，独立卫浴温馨房源。附近大量餐厅商场，多条地铁出行方便。免费Wi-Fi寄存行李,150299734,Minami,千代田区,35.70472,139.77299,Private room,8743,1,183,2025-09-09,3.53,13,232,40,Hotels and Inns Business Act | 台東区保健所 | 31台台健生環き第10047号
43426556,上野秋葉原中间独立卫浴房源，自助入住零接触。附近大量餐厅商城多条地铁。免费Wi-Fi，寄存行李。,150299734,Minami,千代田区,35.70291,139.7724,Private room,8659,1,205,2025-09-15,3.89,13,207,55,Hotels and Inns Business Act | 東京都台東区台東保健所 | 31台台健生環き第10047号
43426575,秋葉原上野独立卫浴房源，自助入住除菌安全。附近大量餐厅商城，多条地铁出行方便。免费Wi-Fi寄存行李,150299734,Minami,千代田区,35.70505,139.77214,Private room,6569,1,211,2025-09-08,4.07,13,222,48,Hotels and Inns Business Act | 東京都台東区台東保健所 | 31台台健生環き第10047号
45979684,New/Luxury#5mins to Station#Max6ppl#Free WIFI#,287720765,Naoki,千代田区,35.70503,139.77195,Entire home/apt,23208,1,116,2025-09-18,1.94,17,163,30,Hotels and Inns Business Act | 東京都台東区台東保健所 | 30台台健生環き第236号
46493962,MONday Apart  秋葉原/スーペリアファミリールーム（3～4名）,376063291,MONday Apart Premium 秋葉原,千代田区,35.697261810302734,139.779052734375,Entire home/apt,52929,1,17,2025-05-03,0.34,2,254,1,Hotels and Inns Business Act |  千代田千代田保健所長　原田　美江子   | 2千千保生環き第39号
46494149,MONday Apart  秋葉原/ グランジャパニーズルーム　（6名）,376063291,MONday Apart Premium 秋葉原,千代田区,35.697261810302734,139.779052734375,Entire home/apt,61815,1,10,2023-04-29,0.17,2,255,0,Hotels and Inns Business Act | 千代田千代田保健所長　原田　美江子   | 2千千保生環き第39号
47819092,【Top floor room】 Maximum for 5 people!,385425440,THE TOURIST HOTEL & Cafe AKIHABARA,千代田区,35.70016,139.7783,Private room,,1,70,2024-06-01,1.30,4,202,0,Hotels and Inns Business Act | 東京都台東区台東保健所 | 2台台健生環き第10007号
49933809,【4 people Room】6min on foot from Akihabara Station,385425440,THE TOURIST HOTEL & Cafe AKIHABARA,千代田区,35.70038,139.77814,Private room,44072,1,63,2025-03-31,1.23,4,302,1,Hotels and Inns Business Act | 東京都台東区台東保健所 | 2台台健生環き第10007号
49935781,【4 people Room】6min on foot from Akihabara Station,385425440,THE TOURIST HOTEL & Cafe AKIHABARA,千代田区,35.69989,139.77662,Private room,,1,1,2022-01-01,0.02,4,279,0,Hotels and Inns Business Act | 東京都台東区台東保健所 | 2台台健生環き第10007号
49936657,【5 people Room】6min on foot from Akihabara Station,385425440,THE TOURIST HOTEL & Cafe AKIHABARA,千代田区,35.69981,139.77792,Private room,,1,5,2023-03-24,0.15,4,303,0,Hotels and Inns Business Act | 東京都台東区台東保健所 | 2台台健生環き第10007号
51974208,30泊以上の長期利用者用★値段交渉あり★Residenza la giacca,419728675,千代子,千代田区,35.69231,139.75997,Entire home/apt,,30,1,2022-08-22,0.03,2,1,0,M130029916
52045326,上質な家具に飾られたラグジュアリーな空間♪最上階１住戸の  Residenza LAGIACCA,419728675,千代子,千代田区,35.69207,139.76052,Entire home/apt,,1,4,2024-03-24,0.09,2,0,0,M130029916
53403310,BOOK HOTEL 神保町　スーペリアツイン,432097689,Book Hotel,千代田区,35.69663,139.75549,Private room,19320,1,46,2025-09-15,1.03,5,234,27,Hotels and Inns Business Act | 千代田区千代田保健所 | ３千千保生環き第６９号
53405037,BOOK HOTEL 神保町リラックスツイン,432097689,Book Hotel,千代田区,35.69544,139.7573,Private room,19068,1,33,2025-07-04,0.72,5,231,12,Hotels and Inns Business Act | 千代田区千代田保健所 | 3千千保生環き第69号
53405564,BOOK HOTEL 神保町　スタンダードダブル,432097689,Book Hotel,千代田区,35.69623,139.7574,Private room,,1,32,2025-09-29,0.70,5,237,8,Hotels and Inns Business Act | 千代田区千代田保健所 | 3千千保生環き第69号
53405655,"MANGA ART ROOM, Jimbocho 〈Black Cave〉",432097689,Book Hotel,千代田区,35.6948,139.75557,Private room,20235,1,45,2025-09-19,1.51,5,205,30,Hotels and Inns Business Act | 千代田区千代田保健所 | 3千千保生環き第69号
53405694,"MANGA ART ROOM, Jimbocho 〈White Cave〉",432097689,Book Hotel,千代田区,35.6952,139.75569,Private room,20663,1,92,2025-09-19,2.96,5,175,47,Hotels and Inns Business Act | 千代田区千代田保健所 | 3千千保生環き第69号
53761982,Art Hotel/Executive Studio (401)/Kitchen/4 people,435425440,BnA STUDIO Akihabara,千代田区,35.70258,139.76994,Private room,43715,1,3,2024-11-24,0.08,4,129,1,Hotels and Inns Business Act | 千代田区千代田保健所 | 29千千保生環き第94号
53762153,Art Hotel/Deluxe Studio (202)/Kitchen/4 people,435425440,BnA STUDIO Akihabara,千代田区,35.70224,139.76867,Private room,,1,1,2023-10-12,0.04,4,126,0,Hotels and Inns Business Act | 千代田区千代田保健所 | 29千千保生環き第94号
53798761,Art Hotel/Superior Studio (301)/Kitchen/2 people,435425440,BnA STUDIO Akihabara,千代田区,35.70253,139.76806,Private room,,1,1,2024-08-31,0.08,4,126,0,Hotels and Inns Business Act | 千代田区千代田保健所 | 29千千保生環き第94号
53816609,Great Location｜Kanda Sta｜1 Stop to Tokyo｜Akihabara,73463626,Rui,千代田区,35.69334030151367,139.77346801757812,Entire home/apt,16114,1,47,2025-08-31,1.52,47,83,30,Hotels and Inns Business Act | 千代田区千代田保健所 | 30千千保生環き第70号
643754568675703628,【NplusHOTEL東京秋葉原プレミアム】2階~8階,375928519,エヌプラス,千代田区,35.69502877921697,139.77819387679187,Private room,,1,4,2023-06-13,0.10,18,224,0,Hotels and Inns Business Act | 千代田区千代田保健所 | 4千千保生環き第21号
650970538968234993,【sequence SUIDOBASHI】Bunk Bed 2/Suidobashi St.,456262635,Sequence SUIDOBASHI,千代田区,35.702357599999985,139.75245853862302,Private room,29358,1,5,2025-04-01,0.19,8,292,3,Hotels and Inns Business Act | 千代田区千代田保健所 | 2千千保生環き第42号
651122950496197341,【sequence SUIDOBASHI】Bunk Bed 3/Suidobashi St.,456262635,Sequence SUIDOBASHI,千代田区,35.702348887546115,139.75244244536893,Private room,34986,1,9,2024-09-03,0.26,8,300,0,Hotels and Inns Business Act | 千代田区千代田保健所 | 2千千保生環き第42号
651213439571547440,【sequence SUIDOBASHI】Twin+Unit Bath/Suidobashi St.,456262635,Sequence SUIDOBASHI,千代田区,35.70234017509127,139.75226541957394,Private room,36115,1,7,2025-06-03,0.30,8,138,5,Hotels and Inns Business Act | 千代田区千代田保健所 | 2千千保生環き第42号
668501862177776177,【NplusHOTEL東京秋葉原プレミアム】９階,375928519,エヌプラス,千代田区,35.69432,139.7773,Private room,,1,3,2023-04-11,0.09,18,152,0,Hotels and Inns Business Act | 千代田区千代田保健所 | 4千千保生環き第21号
704602359373080542,【女性専用】カプセルホテル-最寄駅５駅/unito hotel residence,477298181,善太,千代田区,35.69569,139.78048,Shared room,5106,1,19,2025-08-27,1.26,2,115,15,Hotels and Inns Business Act | 千代田区千代田保健所 | 31千千保生環き第94号
704623038337682742,【男性専用】カプセルホテル/最寄駅５駅/unito hotel residence,477298181,善太,千代田区,35.69506,139.77816,Shared room,4686,1,115,2025-09-11,5.85,2,120,74,Hotels and Inns Business Act | 千代田区千代田保健所 | 31千千保生環き第94号
707596021319816165,"MANGA ART HOTEL, Tokyo 漫泊 【Upper Bed, For man 】",297354724,Manga Art Hotel,千代田区,35.6926,139.76475,Shared room,4588,1,167,2025-09-27,4.64,4,350,72,Hotels and Inns Business Act | 千代田区千代田保健所 | 30千千保生環き第80号
707705614523948141,"MANGA ART HOTEL, Tokyo 漫泊 【Upper Bed, For woman】",297354724,Manga Art Hotel,千代田区,35.69266,139.76504,Shared room,4960,1,180,2025-09-24,4.96,4,353,50,Hotels and Inns Business Act | 千代田区千代田保健所 | 30千千保生環き第79号
757543864755431636,『5 min. from Kanda St. 』Luxurious Living Sukumo 3F,29569793,Wherely,千代田区,35.69281,139.77539,Entire home/apt,36386,1,81,2025-09-24,2.39,17,233,26,Hotels and Inns Business Act | 千代田区保健所 | 2千千保生環き第95号
757578205429839123,『5 min. from Kanda St. 』Luxurious Living Sukumo 6F,29569793,Wherely,千代田区,35.69305,139.77519,Entire home/apt,38315,1,36,2025-09-19,1.11,17,216,18,Hotels and Inns Business Act | 千代田区保健所 | 2千千保生環き第95号
757596670318963137,『5 min from Kanda St. 』Luxurious Living Sukumo 10F,29569793,Wherely,千代田区,35.69234,139.77352,Entire home/apt,38958,1,49,2025-09-04,1.48,17,239,17,Hotels and Inns Business Act | 千代田区保健所 | 2千千保生環き第95号
760412724054972539,N＋hotel東神田（秋葉原）ツイン部屋,375928519,エヌプラス,千代田区,35.696159,139.780853,Private room,,1,2,2023-03-16,0.06,18,189,0,Hotels and Inns Business Act | 千代田区千代田保健所 | 4千千保生環き第57号
767011197614264889,N+hotel東神田（秋葉原）スイート部屋【ツイン＋和室2人】,375928519,エヌプラス,千代田区,35.696159,139.780853,Private room,,1,9,2023-05-21,0.27,18,128,0,Hotels and Inns Business Act | 千代田区千代田保健所 | 4千千保生環き第57号
771927445798585967,N+hotel東神田（秋葉原）ダブル部屋,375928519,エヌプラス,千代田区,35.69615936279297,139.7808532714843,Private room,,1,9,2023-11-06,0.26,18,172,0,Hotels and Inns Business Act | 千代田区千代田保健所 | 4千千保生環き第57号
781024105302745501,秋叶原徒步3分钟 免费WIFI 电梯 安静 酒店,130691030,Wison,千代田区,35.6990648,139.7771827,Private room,,4,8,2025-05-26,0.27,12,233,2,Hotels and Inns Business Act | 千代田区千代田保健所 | 30千千保生環き第86号
790289005502505546,HO1/ Hotaku House Akihabara,492787150,Sanxiu,千代田区,35.69385661113518,139.77620038028718,Entire home/apt,66161,1,2,2025-03-24,0.09,1,134,1,M130032490
791231599773128834,秋叶原车站步行3分钟&免费WIFI&电梯&4人入住可,130691030,Wison,千代田区,35.6990648,139.7771827,Private room,,2,7,2025-08-02,0.28,12,244,5,Hotels and Inns Business Act | 千代田区千代田保健所 | 30千千保生環き第86号
793309609744991954,nestay apartment tokyo akihabara 4B,191517619,Sea,千代田区,35.69663788471122,139.7791538408377,Entire home/apt,27681,1,49,2025-09-02,1.47,7,174,11,M130009512
796418188064562508,"Akihabara,Tokyo,Ueno/gaming, manga,anime /family",494136122,Ent Terrace Akihabara,千代田区,35.703094369630314,139.7691943074711,Private room,,1,95,2025-09-23,3.14,1,116,36,Hotels and Inns Business Act | 千代田区千代田保健所 | 4千千保生環き第56号
799847883098767883,秋叶原车站步行3分钟&免费WIFI&电梯&3人入住可&用品齐全,53118784,Tommy,千代田区,35.6990683,139.7771802,Private room,,2,4,2025-03-31,0.13,13,82,2,Hotels and Inns Business Act | 千代田区千代田保健所 | 30千千保生環き第86号
805367719474236535,N+hotel秋葉原ダブル部屋,375928519,エヌプラス,千代田区,35.700517617603644,139.77729219416503,Entire home/apt,40000,1,6,2023-11-28,0.19,18,244,0,Hotels and Inns Business Act | 東京都台東区台東保健所 | ４台台健生環き第10147号
805371101133394645,N+hotel秋葉原ツイン部屋,375928519,エヌプラス,千代田区,35.7006042,139.777369,Entire home/apt,40000,1,22,2024-03-30,0.69,18,238,0,Hotels and Inns Business Act | 東京都台東区台東保健所 | ４台台健生環き第10147号
805372886193098373,N+hotel秋葉原ハリウッドツイン部屋,375928519,エヌプラス,千代田区,35.7006042,139.777369,Entire home/apt,40000,1,23,2025-04-14,0.72,18,252,7,Hotels and Inns Business Act | 東京都台東区台東保健所 | ４台台健生環き第10147号
805378393818739255,N+hotel秋葉原キングダブル部屋,375928519,エヌプラス,千代田区,35.7006042,139.777369,Entire home/apt,48429,1,1,2023-04-18,0.03,18,162,0,Hotels and Inns Business Act | 東京都台東区台東保健所 | ４台台健生環き第10147号
812722519875467929,nestay apartment tokyo akihabara 3B,191517619,Sea,千代田区,35.69815,139.77956,Entire home/apt,25356,1,47,2025-08-17,1.58,7,187,16,M130032402
812761148181730873,nestay apartment tokyo akihabara 2B,191517619,Sea,千代田区,35.69842949843201,139.77975443796672,Entire home/apt,26784,1,59,2025-08-31,1.83,7,168,24,M130032401
827811299117391950,『5 min. from Kanda St. 』Luxurious Living Sukumo 4F,29569793,Wherely,千代田区,35.691885,139.774539,Entire home/apt,34586,1,71,2025-08-30,2.26,17,221,25,Hotels and Inns Business Act | 千代田保健所 | 2千千保生環き第95号
830153770229192542,上野秋葉原中心. 温馨Share room有锁可寄存行李，附近大量餐厅购物出行方便，免费Wi-Fi！,150299734,Minami,千代田区,35.704449637045514,139.7722172400521,Private room,4140,1,128,2025-09-15,4.22,13,194,44,Hotels and Inns Business Act | 東京都台東区台東保健所 | 31台台健生環き第10047号
851990704117969073,夏5GWifi TokyoDome皇居1km〜 RoofGarden 上野秋葉原銀座東京2km～都心,79805768,聖美,千代田区,35.697355821179215,139.7581372891795,Private room,13436,1,75,2025-08-31,2.45,7,271,33,M130033124
852001004610683993,秋5GWifi TokyoDome皇居1km〜 RoofGarden 上野秋葉原銀座東京2km～都心,79805768,聖美,千代田区,35.69852930899057,139.7587054236659,Private room,13302,1,56,2025-09-14,1.84,7,297,27,M130033124
853601146225328865,四季5GWifi TokyoDome皇居1km〜 RoofGarden上野秋葉原銀座東京2km～都心,79805768,聖美,千代田区,35.69855213666666,139.75885338035954,Private room,55101,1,3,2024-07-06,0.11,7,212,0,M130033124
857498280661730628,『5 min from Kanda St.』Luxurious Living Sukumo〜蒅〜7F,29569793,Wherely,千代田区,35.69225,139.77537,Entire home/apt,35358,1,67,2025-08-04,2.25,17,223,17,Hotels and Inns Business Act | 千代田保健所 | 2千千保生環き第95号
863382161630091933,石畳HOTEL 201 浅草橋・浅草・秋葉原,508778888,Timedev,千代田区,35.697740116488745,139.78115862207824,Entire home/apt,29572,1,31,2025-07-27,1.09,7,156,15,Hotels and Inns Business Act | 千代田保健所 | ３千千保生環き第32号
867119521554813286,301#JR Ueno / Akihabara sta walk 8 minutes bell,509526394,Francesca,千代田区,35.7048977,139.7709686,Private room,22374,1,113,2025-09-17,3.91,9,148,50,Hotels and Inns Business Act | 千代田区千代田保健所 | 31千千保生環き第51号
867209011167676076,201#JR Ueno / Akihabara sta walk 8 minutes bell,509526394,Francesca,千代田区,35.70490641217534,139.77096323558197,Private room,,1,156,2025-09-24,5.52,9,262,59,Hotels and Inns Business Act | 千代田区千代田保健所 | 31千千保生環き第51号
867269121688898262,302#JR Ueno / Akihabara sta walk 8 minutes bell,509526394,Francesca,千代田区,35.7048977,139.7709686,Private room,17766,1,123,2025-09-27,4.25,9,136,64,Hotels and Inns Business Act | 千代田区千代田保健所 | 31千千保生環き第51号
867297136083000798,303#JR Ueno / Akihabara sta walk 8 minutes bell,509526394,Francesca,千代田区,35.7048977,139.7709686,Private room,17489,1,137,2025-09-27,4.75,9,99,54,Hotels and Inns Business Act | 千代田区千代田保健所 | 31千千保生環き第51号
867309379955135284,401#JR Ueno / Akihabara sta walk 8 minutes bell,509526394,Francesca,千代田区,35.7048977,139.7709686,Private room,,1,142,2025-09-28,4.89,9,249,64,Hotels and Inns Business Act | 千代田区千代田保健所 | 31千千保生環き第51号
867319702788041520,402#JR Ueno / Akihabara sta walk 8 minutes bell,509526394,Francesca,千代田区,35.7048977,139.7709686,Private room,20910,1,136,2025-09-24,4.70,9,228,63,Hotels and Inns Business Act | 千代田区千代田保健所 | 31千千保生環き第51号
867319713270288335,403#JR Ueno / Akihabara sta walk 8 minutes bell,509526394,Francesca,千代田区,35.7048977,139.7709686,Private room,,1,110,2025-09-24,3.79,9,280,44,Hotels and Inns Business Act | 千代田区千代田保健所 | 31千千保生環き第51号
867331847546800264,501#JR Ueno / Akihabara sta walk 8 minutes bell,509526394,Francesca,千代田区,35.7048977,139.7709686,Private room,,1,120,2025-09-25,4.19,9,255,60,Hotels and Inns Business Act | 千代田区千代田保健所 | 31千千保生環き第51号
867331862520303533,502#JR Ueno / Akihabara sta walk 8 minutes bell,509526394,Francesca,千代田区,35.7048977,139.7709686,Private room,15723,1,130,2025-09-26,4.51,9,212,67,Hotels and Inns Business Act | 千代田区千代田保健所 | 31千千保生環き第51号
867828583317665335,石畳HOTEL 301 浅草橋・浅草・秋葉原,508778888,Timedev,千代田区,35.69747,139.78117,Entire home/apt,28198,1,17,2025-07-12,0.72,7,175,9,Hotels and Inns Business Act | 千代田保健所 | ３千千保生環き第32号
867832070210715963,石畳HOTEL 401 浅草橋・浅草・秋葉原,508778888,Timedev,千代田区,35.69773,139.78103,Entire home/apt,27326,1,46,2025-08-12,1.57,7,188,27,Hotels and Inns Business Act | 千代田保健所 | ３千千保生環き第32号
867834425827130019,石畳HOTEL 501 浅草橋・浅草・秋葉原,508778888,Timedev,千代田区,35.69647,139.78146,Entire home/apt,31759,1,2,2025-02-19,0.14,7,93,1,Hotels and Inns Business Act | 千代田保健所 | ３千千保生環き第32号
882020332237438046,春夏5GWifi TokyoDome皇居1km〜 RoofGarden上野秋葉原銀座東京2km～都心,79805768,聖美,千代田区,35.69737396908001,139.75813741196478,Private room,26872,1,7,2025-07-01,0.42,7,345,3,M130033124
882051674910030863,夏秋5GWifi TokyoDome皇居1km〜 RoofGarden上野秋葉原銀座東京2km～都心,79805768,聖美,千代田区,35.696737532779046,139.75931406617588,Private room,26872,1,3,2025-02-12,0.22,7,331,2,M130033124
882057057422240767,春秋5GWifi TokyoDome皇居1km〜 RoofGarden 上野秋葉原銀座東京2km都心,79805768,聖美,千代田区,35.69839020243374,139.75903493344177,Private room,,1,6,2025-05-24,0.22,7,333,2,M130033124
883640305873087700,『5 min. from Kanda St. 』Luxurious Living Sukumo 2F,29569793,Wherely,千代田区,35.692564217337754,139.77512308232568,Entire home/apt,36000,1,58,2025-08-17,2.02,17,242,15,Hotels and Inns Business Act | 千代田保健所 | 2千千保生環き第95号
912656304408333790,秋叶原车站步行约3分/Free-WiFi/有电梯/安静/双人间/私人浴室/私人厕所,130691030,Wison,千代田区,35.6990683,139.7771802,Private room,,2,9,2024-10-08,0.35,12,148,1,Hotels and Inns Business Act | 千代田区千代田保健所 | 30千千保生環き第86号
922174067007949097,『5 min. from Kanda St. 』Luxurious Living Sukumo 9F,29569793,Wherely,千代田区,35.69225,139.77358,Entire home/apt,37929,1,48,2025-09-11,1.82,17,234,30,Hotels and Inns Business Act | 千代田保健所 | 2千千保生環き第95号
954106896470021705,"New Hotel,  Akihabara stn 5 mins. Family Room.",530405455,Shijia,千代田区,35.70124,139.7754,Private room,,1,46,2025-08-28,1.85,12,71,14,Hotels and Inns Business Act | 東京都台東区台東保健所 | ５台台健生環き第１００５６号
959258712310349035,"Akihabara 3min walk,free wifi,With elevator",251263864,Marutomo,千代田区,35.6990683,139.7771802,Private room,,2,20,2025-07-26,0.82,10,139,7,Hotels and Inns Business Act | 千代田区千代田保健所 | 30千千保生環き第86号
978551551718475639,"Spatium·6F,Clean & Comfy APT,Kanda / Akihabara",198744417,一居,千代田区,35.69336168573558,139.76899503109865,Entire home/apt,24286,1,64,2025-09-12,2.70,14,0,34,Hotels and Inns Business Act | 千代田区千代田保健所 | 31千千保生環き第２号
1002534581082637167,大手町站步行4分！东京站步行12分！宽敞3LDK，大玻璃窗采光好，有电梯，交通方便，步行可去皇居！,234477095,Yuxia,千代田区,35.68867122201688,139.7654943990906,Entire home/apt,56336,2,71,2025-08-07,3.18,41,304,36,Hotels and Inns Business Act | 千代田区千代田保健所 | 5千千保生環き第31号
1034622398551952359,"QY34 JR Train station 5-min walk, airport directly",279064316,Na,千代田区,35.69768,139.78256,Entire home/apt,14550,1,46,2025-08-20,2.07,38,202,21,M130019207
1037381256402776954,Sakura Hotel Jimbocho Annex,170132782,Sakura Hotel Jimbocho,千代田区,35.69528,139.75744,Entire home/apt,30163,1,2,2025-04-28,0.24,6,264,2,Hotels and Inns Business Act | 千代田区千代田保健所 | ３千千保生環き第６７号
1040160320887624596,Great Location｜Kanda Sta｜1 Stop to Tokyo｜Akihabara,73463626,Rui,千代田区,35.692368652694036,139.7741834332216,Entire home/apt,16114,1,50,2025-09-25,2.35,47,92,27,Hotels and Inns Business Act | 千代田区千代田保健所 | 30千千保生環き第70号
1045452025456731299,201# Japanese style # Akihabara 5 minutes,550780705,Lynn,千代田区,35.6994722,139.7802585,Private room,21424,1,127,2025-09-27,5.93,6,89,74,Hotels and Inns Business Act | 千代田区千代田保健所 | 5千千保生環き第59号
1048437525896159172,101#Japanese style # Akihabara 5 minutes  2 people,550780705,Lynn,千代田区,35.6994722,139.7802585,Private room,12196,1,102,2025-09-15,4.75,6,97,59,Hotels and Inns Business Act | 千代田区千代田保健所 | 5千千保生環き第59号
1048439675776573213,301# Japanese style # Akihabara 5 minutes,550780705,Lynn,千代田区,35.6994722,139.7802585,Private room,13960,1,120,2025-09-28,5.78,6,93,67,Hotels and Inns Business Act | 千代田区千代田保健所 | 5千千保生環き第59号
1048440719300975087,302# Japanese style # Akihabara 5 minutes,550780705,Lynn,千代田区,35.6994722,139.7802585,Private room,13966,1,93,2025-09-16,4.49,6,93,48,Hotels and Inns Business Act | 千代田区千代田区保健所 | 5千千保生環き第59号
1048441708551085726,401# Japanese style # Akihabara 5 minutes,550780705,Lynn,千代田区,35.6994722,139.7802585,Private room,13729,1,109,2025-09-26,5.38,6,97,69,Hotels and Inns Business Act | 千代田区千代田区保健所 | 5千千保生環き第59号
1048442759060373582,402# Japanese style # Akihabara 5 minutes,550780705,Lynn,千代田区,35.6994722,139.7802585,Private room,13216,1,114,2025-09-23,5.48,6,106,65,Hotels and Inns Business Act | 千代田区千代田保健所 | 5千千保生環き第59号
1083641286869478168,"spatium·8F, Clean & Comfy APT,kanda / Akihabara",198744417,一居,千代田区,35.694923683708176,139.7683489053617,Entire home/apt,24286,1,64,2025-09-06,3.40,14,0,43,Hotels and Inns Business Act | 千代田区千代田保健所 | 31千千保生環き第２号
1085424897342338812,Urban Luxurious Retreat Apartment in Ueno Park 5,225967315,Dash Living,千代田区,35.70478384537559,139.77007904358905,Entire home/apt,25787,1,27,2025-09-10,1.47,24,56,16,M130038333
1085795148028214653,Calm and Classic Apartment in Ueno Park/Yushima 3,225967315,Dash Living,千代田区,35.7047492519401,139.76997193024718,Entire home/apt,26646,1,20,2025-04-01,1.03,24,51,8,M130038330
1085959515875106505,【Near Kanda Station】Twin room/non-smoking/2ppl,560798987,Here,千代田区,35.6946007697273,139.7706710553497,Private room,,2,1,2024-03-07,0.05,4,51,0,Hotels and Inns Business Act | 千代田区千代田保健所 | ５千千保生環き第４２号
1086562583410350777,【Near Station】Twin room/with sofa/non-smoking/2ppl,560798987,Here,千代田区,35.69467471103491,139.77066785342328,Private room,,2,2,2025-03-28,0.11,4,49,1,Hotels and Inns Business Act | 千代田区千代田保健所 | ５千千保生環き第４２号
1095563327004635835,CM501長期用30日以上 | 駅5分 | 秋葉原徒歩９分 | 和モダン | 2DK | 交通至便,497909429,Ray,千代田区,35.69457906545204,139.77911038301193,Entire home/apt,,30,2,2025-06-17,0.13,26,0,1,M130037763
1119964779765293135,Akihabara 701・7ppl・A Cozy Spacious APT nr Sta.,73463626,Rui,千代田区,35.69836,139.77973,Private room,33108,2,24,2025-07-16,1.35,47,57,12,M130023601
1136587471670196531,"3min Akihabara ,2LDK 80㎡, 6people,12:00check-in OK",173598497,Shigeru,千代田区,35.6960591,139.7738143,Entire home/apt,54446,3,46,2025-08-18,2.67,12,106,26,M130040084
1141953840816391168,Spacious Big Family Apt 2Rm 5beds nearby Akihabara,107903578,Tour,千代田区,35.6941465,139.7788868,Entire home/apt,26115,1,31,2025-08-25,2.07,1,173,26,Hotels and Inns Business Act | 千代田区千代田保健所 | 5千千保生環き第79号
1158391536910893215,"3 min from station! Projector, kitchen, 42㎡, 6 pax",578016927,Residence Stay,千代田区,35.68285,139.74045,Entire home/apt,34406,1,42,2025-09-07,2.64,3,278,32,Hotels and Inns Business Act | 千代田区千代田保健所 | 6千千保生環き第94号
1166469011989364786,"3 min from station! Projector, kitchen, 38㎡, 6 pax",578016927,Residence Stay,千代田区,35.68142459875368,139.7423478395438,Entire home/apt,31886,1,37,2025-09-14,2.37,3,267,30,Hotels and Inns Business Act | 千代田区千代田保健所 | 6千千保生環き第94号
1187456697604011451,Jimbouchou STAY,234477095,Yuxia,千代田区,35.69397169185677,139.76195611281054,Entire home/apt,60531,2,42,2025-08-18,2.80,41,213,32,Hotels and Inns Business Act | 千代田区千代田保健所 | 6千千保生環き第15号
1190154463502929793,【Nearby Kanda Station】Triple room/non-smoking/3ppl,560798987,Here,千代田区,35.69454949703746,139.77069217790986,Private room,,2,4,2025-05-03,0.27,4,37,2,Hotels and Inns Business Act | 千代田区千代田保健所 | ５千千保生環き第４２号
1201187484848009189,『5 min from Kanda St. 』Luxurious Living Sukumo 8F,29569793,Wherely,千代田区,35.69284,139.77345,Entire home/apt,38829,1,34,2025-09-13,2.56,17,231,31,Hotels and Inns Business Act | 千代田区保健所 | 2千千保生環き第95号
1240917190005038261,"6mins to Akihabara sta,Cozy&Modern hotel STDRoomA",572717130,Lyu,千代田区,35.7023402,139.7707546,Private room,16560,1,49,2025-09-27,3.87,6,95,48,Hotels and Inns Business Act | 千代田区千代田保健所 | 6千千保生環き第37号
1241275634305698141,"6mins to Akihabara sta,Cozy&Modern hotel STDRoomB",572717130,Lyu,千代田区,35.7023402,139.7707546,Private room,16560,1,41,2025-09-23,3.29,6,72,40,Hotels and Inns Business Act | 千代田区千代田保健所 | 6千千保生環き第37号
1241286351893758154,"6mins to Akihabara sta,Cozy&Modern hotel STDRoomC",572717130,Lyu,千代田区,35.7023402,139.7707546,Private room,16560,1,31,2025-09-20,2.44,6,113,28,Hotels and Inns Business Act | 千代田区千代田保健所 | 6千千保生環き第37号
1241295233848198272,"6mins to Akiba,Balcony&Cozy&Modern hotel STDRoomD",572717130,Lyu,千代田区,35.7023402,139.7707546,Private room,,1,39,2025-09-28,3.08,6,93,38,Hotels and Inns Business Act | 千代田区千代田保健所 | 6千千保生環き第37号
1241302274735098543,"6mins to Akihabara sta,Cozy&Modern hotel FamRoomA",572717130,Lyu,千代田区,35.7023402,139.7707546,Private room,22080,1,26,2025-08-17,2.31,6,128,26,Hotels and Inns Business Act | 千代田区千代田保健所 | 6千千保生環き第37号
1241310114732795927,"6mins to Akihabara sta,Cozy&Modern hotel FamRoomB",572717130,Lyu,千代田区,35.7023402,139.7707546,Private room,22080,1,33,2025-09-16,2.81,6,104,33,Hotels and Inns Business Act | 千代田区千代田保健所 | 6千千保生環き第37号
1256128456209602711,上野/秋葉原8分/貸切一戸建て/4部屋/,76355199,東京日和,千代田区,35.700580593011416,139.77785366980268,Entire home/apt,62429,1,26,2025-09-20,2.20,3,172,26,Hotels and Inns Business Act | 東京都台東区台東保健所 | 6台台健生環き第10052号
1261904081123128404,神保町駅徒歩1分／渋谷、新宿、銀座、秋葉原、東京駅まで15分／貸切／最大9人／専用ベッド／トイレ3つ,651618273,裕亮,千代田区,35.6957715,139.7583618,Entire home/apt,50893,2,39,2025-09-20,4.30,9,142,39,Hotels and Inns Business Act | 千代田区千代田保健所 | 6千千保生環き第53号
1262887256471990101,アクセス良好 |サウナ| BBQ| ベランダ喫煙可|レトロな内装 |最大8名 | 神保町駅徒歩3分,318235422,Yanagihara,千代田区,35.697895749083024,139.7553735246228,Entire home/apt,20592,1,39,2025-09-28,3.56,49,110,39,Hotels and Inns Business Act | 千代田区千代田保健所 | 6千千保生環き第31号
1264785832385295039,【神田駅からすぐ！】便利な滞在型ホテル１棟貸し(禁煙/7名利用),560798987,Here,千代田区,35.694551098623656,139.7706975423279,Private room,,2,0,,,4,13,0,Hotels and Inns Business Act | 千代田区千代田保健所 | 5千千保生環き第42号
1284624499545720485,# Japanese style # Akihabara 5 minutes,539356757,Alan,千代田区,35.699471,139.7802698,Private room,,2,0,,,7,365,0,Hotels and Inns Business Act | 千代田区千代田保健所 | 5千千保生環き第59号
1298884193085696092,"3 min from station! Full kitchen, 50㎡, 7 pax｜301",578016927,Residence Stay,千代田区,35.683179751704934,139.74247134284562,Entire home/apt,35460,1,28,2025-09-15,3.01,3,257,28,Hotels and Inns Business Act | 千代田区千代田保健所 | 6千千保生環き第94号
1301859318466562061,RL Iidabashi 1BR luxe 3mins Sub,211851828,Tien Yao,千代田区,35.7001907,139.7483684,Entire home/apt,23604,1,25,2025-09-20,2.60,18,56,25,Hotels and Inns Business Act | 千代田区千代田保健所 | 5千千保生環き第78号
1306218933806508866,Real Life Iidabashi 1-bedroom cozy 3pax hi-end,211851828,Tien Yao,千代田区,35.7001907,139.7483684,Private room,21171,1,16,2025-09-16,1.65,18,66,16,Hotels and Inns Business Act | 千代田区千代田保健所 | 5千千保生環き第78号
1306220343902934116,RL Iidabashi chic 1BR midtown 3P,211851828,Tien Yao,千代田区,35.7001907,139.7483684,Private room,17521,1,12,2025-09-24,1.24,18,81,12,Hotels and Inns Business Act | 千代田区千代田保健所 | 5千千保生環き第78号
1306257292510689332,RL Iidabashi stylish 1BR 3pax,211851828,Tien Yao,千代田区,35.7001907,139.7483684,Entire home/apt,23482,1,10,2025-09-11,1.11,18,68,10,Hotels and Inns Business Act | 千代田区千代田保健所 | 5千千保生環き第78号
1335980381342893054,『5 min from Kanda St. 』Luxurious Living Sukumo 11F,29569793,Wherely,千代田区,35.692822022115294,139.77368090260512,Entire home/apt,37029,1,11,2025-09-03,1.56,17,244,11,Hotels and Inns Business Act | 千代田保健所 | 2千千保生環き第95号
1355394180980477233,秋叶原浅草桥民宿/地铁站步行1分/成田羽田机场直达/浅草秋叶原银座押上直达/401大日式客房,678545267,立軍,千代田区,35.69707604366147,139.78290790814125,Entire home/apt,36306,2,7,2025-09-26,0.99,4,141,7,Hotels and Inns Business Act | 東京都台東区台東保健所 | 6台台健生環き第10191号
1360745733785030394,秋葉原駅から徒歩4分！JR線で観光地へ直通！東京の中心地に位置｜ショッピング街｜飲食街｜#101,599044650,林,千代田区,35.69830669073225,139.7754162136624,Entire home/apt,27666,2,3,2025-04-18,0.45,49,143,3,Hotels and Inns Business Act | 千代田区千代田保健所 | 6千千保生環き第3号
1361224313397631719,最大5名まで！JR線で観光地へのアクセスが抜群！ショッピングや飲食店が充実した中心地に位置！#201,599044650,林,千代田区,35.70036599976959,139.77657192389393,Entire home/apt,31349,2,0,,,49,118,0,Hotels and Inns Business Act | 千代田区千代田保健所 | 6千千保生環き第3号
1361232049176330394,秋葉原駅徒歩4分｜空港アクセス抜群｜JR線で観光地へ乗り換えなしに行ける｜Akihabara-301,599044650,林,千代田区,35.698873823163595,139.77689113283316,Entire home/apt,31438,2,2,2025-09-25,0.42,49,141,2,Hotels and Inns Business Act | 千代田区千代田保健所 | 6千千保生環き第3号
1379444179336711110,步行到皇居/安稳入眠/家庭友好/2套和服免费体验,225846387,玲,千代田区,35.6909381,139.7668068,Entire home/apt,23750,2,17,2025-09-15,3.31,1,57,17,M130049697
1379626759570095002,C301アクティブ家族向け・駅5分・秋葉原徒歩9分・主要エリアと空港へ直通アクセス,497909429,Ray,千代田区,35.693507739023964,139.77864056627047,Entire home/apt,40072,2,19,2025-08-18,3.03,26,290,19,M130049011
1388416227867927760,新築＃101　JR、地下鉄浅草橋駅徒歩4分 　高速Wi-Fi　秋葉原　浅草寺 スカイツリー近　,67268289,Tommy,千代田区,35.69527,139.78132,Entire home/apt,11754,1,15,2025-09-20,2.68,16,213,15,Hotels and Inns Business Act | 千代田区千代田保健所 | 6千千保生環き第85号
1388920905783354461,新築＃201　JR、地下鉄浅草橋駅徒歩4分　　高速Wi-Fi　秋葉原　浅草寺 スカイツリー近　,67268289,Tommy,千代田区,35.69601,139.78087,Entire home/apt,11487,1,14,2025-09-20,2.44,16,205,14,Hotels and Inns Business Act | 千代田区千代田保健所 | 6千千保生環き第85号
1389104761007154822,新築＃301　JR、地下鉄浅草橋駅徒歩4分　　高速Wi-Fi　秋葉原　浅草寺 スカイツリー近　,67268289,Tommy,千代田区,35.6971,139.78105,Entire home/apt,13226,1,5,2025-08-13,1.01,16,198,5,Hotels and Inns Business Act | 千代田区千代田保健所 | 6千千保生環き第85号
1389115409830362364,新築＃202　JR、地下鉄浅草橋駅徒歩4分 　　高速Wi-Fi　秋葉原　浅草寺 スカイツリー近　,67268289,Tommy,千代田区,35.69568845084145,139.781472743237,Entire home/apt,11613,1,11,2025-09-17,1.92,16,236,11,Hotels and Inns Business Act | 千代田区千代田保健所 | 6千千保生環き第85号
1389613549015035118,新築メゾネット＃401　JR、地下鉄浅草橋駅徒歩4分　　秋葉原　浅草寺 スカイツリー近　,67268289,Tommy,千代田区,35.6974228477003,139.78249242092997,Entire home/apt,18594,1,10,2025-09-13,1.74,16,261,10,Hotels and Inns Business Act | 千代田区千代田保健所 | 6千千保生環き第85号
1389627685322407862,新築＃302　JR、地下鉄浅草橋駅徒歩4分 　　高速Wi-Fi　秋葉原　浅草寺 スカイツリー近　,67268289,Tommy,千代田区,35.69712,139.78114,Entire home/apt,10858,1,27,2025-09-17,4.58,16,161,27,Hotels and Inns Business Act | 千代田区千代田保健所 | 6千千保生環き第85号
1389636608720976781,新築メゾネット＃402　JR、地下鉄浅草橋駅徒歩4分 　　秋葉原　浅草寺 スカイツリー近　,67268289,Tommy,千代田区,35.69718,139.78263,Entire home/apt,15352,1,8,2025-09-10,1.36,16,210,8,Hotels and Inns Business Act | 千代田区千代田保健所 | 6千千保生環き第85号
1390263792423617134,Near Akihabara・Ueno｜Cherry blossom&Japanese style,511145842,Takeda,千代田区,35.703838,139.772313,Entire home/apt,16229,2,28,2025-09-21,5.25,15,347,28,Hotels and Inns Business Act | 千代田区千代田保健所 | 6千千保生環き第96号
1390348836851135830,Near Akihabara・Ueno｜Cherry blossom&Japanese style,511145842,Takeda,千代田区,35.7039323,139.7723715,Entire home/apt,13243,2,24,2025-09-28,4.29,15,342,24,Hotels and Inns Business Act | 千代田区千代田保健所 | 6千千保生環き第96号
1390408572092659107,【新規オープン】秋葉原駅徒歩3分！豪華フルリノベーション40㎡角部屋#501,173598497,Shigeru,千代田区,35.6960694,139.7738248,Entire home/apt,28962,3,9,2025-08-18,1.88,12,130,9,M130049371
1393971982766423326,新築＃101　JR、地下鉄浅草橋駅徒歩4分　 高速Wi-Fi　秋葉原　浅草寺 スカイツリー近　,375599884,Keiko,千代田区,35.69572374626226,139.78124169798704,Entire home/apt,14849,1,2,2025-06-20,0.47,36,213,2,Hotels and Inns Business Act | 千代田区千代田保健所 | 6千千保生環き第85号
1394760399579282652,NewOpen!3 min walk Akihabara 52㎡ fully renovated,173598497,Shigeru,千代田区,35.6960694,139.7738248,Entire home/apt,34505,3,5,2025-08-24,0.92,12,132,5,M130049373
1394770767774371214,New Open!3 min  Akihabara  40㎡ room,173598497,Shigeru,千代田区,35.6960694,139.7738248,Entire home/apt,25913,3,12,2025-09-15,2.42,12,171,12,M130049366
1394774885937789487,【新規オープン】秋葉原徒歩３分!豪華フルリノベーション#405,173598497,Shigeru,千代田区,35.6960694,139.7738248,Entire home/apt,39632,3,9,2025-09-21,1.69,12,139,9,M130049367
1394782299821249966,【新規オープン】秋葉原徒歩３分!豪華角部屋フルリノベーション#301,173598497,Shigeru,千代田区,35.6960694,139.7738248,Entire home/apt,28700,2,13,2025-09-19,2.36,12,147,13,M130049357
1394786641335007891,新築＃201　JR、地下鉄浅草橋駅徒歩4分　 高速Wi-Fi　秋葉原　浅草寺 スカイツリー近　,375599884,Keiko,千代田区,35.69528,139.78109,Entire home/apt,13859,1,4,2025-09-23,0.84,36,205,4,Hotels and Inns Business Act | 千代田区千代田保健所 | 6千千保生環き第85号
1394787459418128382,【新規オープン】秋葉原徒歩３分!豪華フルリノベーション,173598497,Shigeru,千代田区,35.6960694,139.7738248,Entire home/apt,36755,3,7,2025-09-21,1.30,12,81,7,M130049360
1394801046404717385,新築＃301　JR、地下鉄浅草橋駅徒歩4分　 高速Wi-Fi　秋葉原　浅草寺 スカイツリー近　,375599884,Keiko,千代田区,35.69743,139.78108,Entire home/apt,12869,1,2,2025-08-25,0.48,36,198,2,Hotels and Inns Business Act | 千代田区千代田保健所 | 6千千保生環き第85号
1395597773089141387,新築＃302　JR、地下鉄浅草橋駅徒歩4分　 高速Wi-Fi　秋葉原　浅草寺　スカイツリー近　,375599884,Keiko,千代田区,35.69735,139.78106,Entire home/apt,13152,1,1,2025-05-20,0.22,36,161,1,Hotels and Inns Business Act | 千代田区千代田保健所 | 6千千保生環き第85号
1396116798086827839,新築＃202　JR、地下鉄浅草橋駅徒歩4分　 高速Wi-Fi　　秋葉原　浅草寺　スカイツリー近　,375599884,Keiko,千代田区,35.69609,139.78103,Entire home/apt,14142,1,2,2025-06-03,0.47,36,236,2,Hotels and Inns Business Act | 千代田区千代田保健所 | 6千千保生環き第85号
1396119150608966714,新築メゾネット＃401　JR、地下鉄浅草橋駅徒歩4分　秋葉原　浅草寺　スカイツリー近,375599884,Keiko,千代田区,35.69533,139.78106,Entire home/apt,21355,1,4,2025-09-05,0.90,36,261,4,Hotels and Inns Business Act | 千代田区千代田保健所 | 6千千保生環き第85号
1396900048713433231,新築メゾネット＃402　JR、地下鉄浅草橋駅徒歩4分　　秋葉原　浅草寺　スカイツリー近,375599884,Keiko,千代田区,35.69614,139.78118,Entire home/apt,20742,1,2,2025-07-30,0.40,36,210,2,Hotels and Inns Business Act | 千代田区千代田保健所 | 6千千保生環き第85号
1397750438762696099,「青要2F」东京市中心，交通超便利，购物方便，房源独享。,324758822,Chiliko,千代田区,35.69584,139.78289,Entire home/apt,14589,1,20,2025-09-22,3.68,6,236,20,Hotels and Inns Business Act | 中央区保健所 | 6  中保生環き　第　195号
1401054927149824555,A1/2025年5月OPEN SALE!【秋葉原/末広町】駅すぐの便利すぎるおしゃれ空間東京旅2名迄,690309680,志生子,千代田区,35.7025533,139.7730155,Entire home/apt,21429,1,16,2025-09-28,3.58,7,148,16,Hotels and Inns Business Act | 千代田区千代田保健所 | 6千千保生環き第76号
1401076173014413003,B2/ OPEN SALE! Stylish Stay near Akihabara,690309680,志生子,千代田区,35.70249666917177,139.7729028472214,Entire home/apt,20858,1,13,2025-09-27,2.98,7,87,13,Hotels and Inns Business Act | 千代田区千代田保健所 | 6千千保生環き第76号
1404378154798774474,Kanda Sta 13min-Awajicho Sta 3min-Switch-PC-Wi-Fi,274793900,Miki,千代田区,35.69337,139.76511,Private room,,1,0,,,31,130,0,Hotels and Inns Business Act | 千代田区千代田保健所 | 6千千保生環き第22号
1404951798943171032,Akihabara Sta 13min-Ogawamachi Sta2min-Switch-PC,274793900,Miki,千代田区,35.69158,139.7642,Private room,,1,6,2025-08-07,1.40,31,148,6,Hotels and Inns Business Act | 千代田区千代田保健所 | 6千千保生環き第22号
1404978747939678749,Tokyo hotel family/Kanda/Akihabara /Switch/PC/WiFi,274793900,Miki,千代田区,35.69446,139.76325,Private room,30483,1,0,,,31,114,0,Hotels and Inns Business Act | 千代田区千代田保健所 | 6千千保生環き第22号
1410567733887646775,飯田橋モダンルーム　旅と仕事にちょうどいい場所,387729784,Phoenix,千代田区,35.69728689788744,139.75067636051293,Private room,,1,20,2025-09-24,4.48,5,140,20,Hotels and Inns Business Act | 千代田区千代田保健所 | 6千千保生環き第49号
1410671520184471182,モダン2LDK｜ダブルベッド3台＋布団・家族や友人と快適ステイ,387729784,Phoenix,千代田区,35.697090992919506,139.75021362926634,Private room,,1,6,2025-09-16,1.30,5,241,6,Hotels and Inns Business Act | 千代田区千代田保健所 | ６千千保生環き第49号
1410684744771222491,寝室タイプが豊富な2LDK,387729784,Phoenix,千代田区,35.696952785601646,139.74933309337285,Private room,,1,10,2025-08-31,2.13,5,244,10,Hotels and Inns Business Act | 千代田区千代田保健所 | ６千千保生環き第49号
1411267586768165015,5F/ OPEN SALE! Stylish Stay near Akihabara,690309680,志生子,千代田区,35.7018,139.77183,Entire home/apt,28000,1,10,2025-09-06,2.34,7,104,10,Hotels and Inns Business Act | 千代田区千代田保健所 | 6千千保生環き第76号
1411285000739437080,A2/ OPEN SALE! Stylish Stay near Akihabara,690309680,志生子,千代田区,35.70249761158534,139.77290874232787,Entire home/apt,19000,1,15,2025-09-28,3.36,7,158,15,Hotels and Inns Business Act | 千代田区千代田保健所 | 6千千保生環き第76号
1414272880521049533,A3/ OPEN SALE! Stylish Stay near Akihabara,690309680,志生子,千代田区,35.70243226827279,139.77290337790984,Entire home/apt,19715,1,14,2025-09-10,3.23,7,121,14,Hotels and Inns Business Act | 千代田区千代田保健所 | 6千千保生環き第76号
1414276604836509119,A4/ OPEN SALE! Stylish Stay near Akihabara,690309680,志生子,千代田区,35.70241919960384,139.7729302,Entire home/apt,19429,1,12,2025-08-21,2.63,7,176,12,Hotels and Inns Business Act | 千代田区千代田保健所 | 6千千保生環き第76号
1414290876589602272,B4/5月OPEN【秋葉原/末広町】便利すぎるおしゃれ東京旅,690309680,志生子,千代田区,35.702406130932765,139.7729302,Entire home/apt,14643,1,11,2025-09-17,2.73,7,108,11,Hotels and Inns Business Act | 千代田区千代田保健所 | 6千千保生環き第76号
1425295280606098902,新規オープン！秋葉原徒歩３分　フルリノベーション40㎡　＃401,173598497,Shigeru,千代田区,35.69611296569064,139.77380334232788,Private room,25498,3,5,2025-08-23,1.39,12,151,5,M130049363
1435270450308177154,北川・秋葉原,699055389,しょう,千代田区,35.6964304,139.7739363,Private room,26977,1,17,2025-09-05,4.86,4,82,17,M130051465
1440409057581323572,全新开业大床房，市谷站步行6分钟,230616333,Ostay-Ryu,千代田区,35.69536,139.73883,Entire home/apt,12286,1,9,2025-09-25,2.67,23,262,9,Hotels and Inns Business Act | 新宿区保健所 | 7新保衛環第10号
1440426823116408486,全新开业！市谷站步行6分钟,230616333,Ostay-Ryu,千代田区,35.69392,139.73699,Entire home/apt,24286,1,35,2025-09-27,10.50,23,324,35,Hotels and Inns Business Act | 新宿区保健所 | 7新保衛環第10号
1441715115666883903,54m² Relaxing Retreat｜Explore Akihabara with Ease,700824519,Zunlong,千代田区,35.69606,139.78085,Entire home/apt,16955,1,4,2025-09-21,1.64,1,125,4,M130050701
1446314684080924553,秋叶原民宿102成田羽田机场直达步行4分钟可抵达车站,272893904,Tomson,千代田区,35.69762,139.78011,Private room,14949,1,13,2025-09-15,4.70,17,147,13,Hotels and Inns Business Act | 東京都台東区台東保健所 | 6台台健生環き第10263号
1446317897746682536,秋叶原民宿103成田羽田机场直达步行4分钟可抵达车站,272893904,Tomson,千代田区,35.6976,139.78013,Private room,9858,1,10,2025-09-15,3.75,17,138,10,Hotels and Inns Business Act | 東京都台東区台東保健所 | 6台台健生環き第10263号
1446319335007196024,秋叶原民宿104成田羽田机场直达步行4分钟可抵达车站,272893904,Tomson,千代田区,35.69762,139.78197,Private room,10143,1,9,2025-09-13,2.90,17,136,9,Hotels and Inns Business Act | 東京都台東区台東保健所 | 6台台健生環き第10263号
1446321400486761028,秋叶原民宿201成田羽田机场直达步行4分钟可抵达车站,272893904,Tomson,千代田区,35.69732,139.78225,Private room,9286,1,13,2025-09-13,4.29,17,141,13,Hotels and Inns Business Act | 東京都台東区台東保健所 | 6台台健生環き第10263号
1446659599583416192,秋叶原202房间成田羽田机场直达步行4分钟抵达车站,272893904,Tomson,千代田区,35.69871,139.78019,Private room,6786,1,4,2025-08-17,2.18,17,134,4,Hotels and Inns Business Act | 東京都台東区台東保健所 | 6台台健生環き第10263号
1446661408695241491,秋叶原203房间成田羽田机场直达步行4分钟抵达车站,272893904,Tomson,千代田区,35.69765,139.78229,Private room,12930,1,10,2025-09-13,3.30,17,127,10,Hotels and Inns Business Act | 東京都台東区台東保健所 | 6台台健生環き第10263号
1446662603805031811,秋叶原204房间成田羽田机场直达步行4分钟抵达车站,272893904,Tomson,千代田区,35.69719,139.78137,Private room,13824,1,12,2025-09-15,3.75,17,115,12,Hotels and Inns Business Act | 東京都台東区台東保健所 | 6台台健生環き第10263号
1446663727318807015,秋叶原205房间成田羽田机场直达步行4分钟抵达车站,272893904,Tomson,千代田区,35.69797,139.78004,Private room,11524,1,10,2025-09-10,3.19,17,103,10,Hotels and Inns Business Act | 東京都台東区台東保健所 | 6台台健生環き第10263号
1470913970978559733,#201 Fit inn Akihabara 距秋叶原步行8分钟,708890766,Jingwei,千代田区,35.69744,139.77929,Entire home/apt,19872,2,1,2025-08-31,1,4,338,1,Hotels and Inns Business Act | 千代田区千代田保健所 | 6千千保生環き第１０１号
1475233166358089723,#401 Fit inn Akihabara 距秋叶原步行8分钟,708890766,Jingwei,千代田区,35.69626,139.77985,Entire home/apt,20188,2,2,2025-08-31,1.20,4,329,2,Hotels and Inns Business Act | 千代田区千代田保健所 | 6千千保生環き第101号
1475248803323295629,#301 Fit inn Akihabara 距秋叶原步行8分钟,708890766,Jingwei,千代田区,35.69626,139.77985,Entire home/apt,21555,2,2,2025-08-18,1.28,4,338,2,Hotels and Inns Business Act | 千代田区千代田保健所 | 6千千保生環き第101号
1475250675504519649,#501 Fit inn Akihabara 距秋叶原步行8分钟,708890766,Jingwei,千代田区,35.6953,139.78025,Entire home/apt,20871,2,3,2025-09-16,1.88,4,327,3,Hotels and Inns Business Act | 千代田区千代田保健所 | 6千千保生環き第101号
1477241253407490309,神田駅徒歩3分！東京観光にも最適な好立地ホテル,710689411,昌志,千代田区,35.6932164,139.7733999,Private room,14793,2,0,,,2,280,0,Hotels and Inns Business Act | 千代田区千代田保健所 | 7千千保生環き第39号
1480825434235149434,淡路町駅から徒歩1分！140㎡4ldk、新宿駅12分，秋葉原5分，東京駅7分，銀座駅7分，渋谷20分,266860256,Yu Xia,千代田区,35.69375,139.76383,Entire home/apt,60531,1,0,,,23,307,0,Hotels and Inns Business Act | 千代田区千代田保健所 | ６千千保生環き第15号
1483003357189413324,シンプルステイ、アクセス良好、日本中心の下町を楽しめる宿,710689411,昌志,千代田区,35.6932164,139.7733999,Entire home/apt,10043,2,2,2025-09-29,2,2,256,2,Hotels and Inns Business Act | 千代田区千代田保健所 | 7千千保生環き第39号
1491073024503647361,40m² Relaxing Retreat｜Explore Akihabara with Ease,714339489,Quan,千代田区,35.69751,139.7823,Entire home/apt,15903,1,0,,,1,199,0,M130054339
1506250997180835694,北川・秋葉原｜羽田空港直通、秋葉原駅徒歩4分の和風民宿。バスルームは小さめ、ご家族・カップルに最適。,699055389,しょう,千代田区,35.69640426070915,139.7744512841309,Entire home/apt,38903,1,0,,,4,276,0,M130051469
1508360413237208842,北川・秋葉原｜羽田空港直通、秋葉原駅徒歩4分の和風民宿。バスルームは小さめ、ご家族・カップルに最適。,699055389,しょう,千代田区,35.6964304,139.7739363,Entire home/apt,38903,1,0,,,4,276,0,M130051466
1509885026681295447,北川・秋葉原｜羽田空港から直通、秋葉原駅徒歩4分の和風民宿。卫生间偏小。,699055389,しょう,千代田区,35.69758,139.77452,Entire home/apt,33828,1,0,,,4,276,0,M130051468
